SR	Branches	Terminal points	Intersections
5	0	0	10
6	0	1	9
7	1	0	12
8	1	1	12
9	4	3	15
10	5	1	21
11	7	1	21
12	0	1	20
13	6	5	28
14	6	3	28
15	4	5	29
16	7	5	41
17	7	10	36
18	4	8	32
19	2	9	26
20	4	4	28
21	7	6	23
22	6	3	28
23	7	4	25
24	5	8	20
25	5	10	17
26	2	5	18
27	2	4	14
28	6	4	10
29	2	6	10
30	3	3	14
31	3	2	17
32	2	2	7
33	0	1	6
34	0	2	6
35	1	1	6
36	1	0	7
37	2	2	7
38	2	1	10
39	3	3	8
40	0	4	8
41	3	0	5
42	1	2	6
43	1	3	6
44	1	0	3
45	0	1	2
46	0	1	1
47	0	0	1
48	0	0	1
49	0	0	3
50	1	2	0
51	0	0	0
52	0	0	0
53	0	0	0
54	0	0	0
55	0	0	0
56	0	0	0
57	0	0	0
58	0	0	0
59	0	0	0
60	0	0	0
