SR	Branches	Terminal points	Intersections
5	0	0	11
6	6	3	20
7	5	2	19
8	8	2	30
9	8	7	25
10	3	3	29
11	9	11	35
12	10	10	41
13	13	3	41
14	8	8	43
15	7	10	42
16	9	7	46
17	17	14	50
18	9	16	39
19	13	9	48
20	3	16	35
21	10	6	32
22	2	10	20
23	5	5	20
24	5	8	17
25	2	5	14
26	2	1	15
27	1	3	13
28	0	3	10
29	2	2	11
30	1	2	8
31	0	4	4
32	1	1	4
33	0	3	1
34	0	0	1
35	0	0	1
36	1	1	1
37	0	0	1
38	0	0	1
39	0	0	1
40	0	1	0
41	0	0	0
42	0	0	0
43	0	0	0
44	0	0	0
45	0	0	0
46	0	0	0
47	0	0	0
48	0	0	0
49	0	0	0
50	0	0	0
51	0	0	0
52	0	0	0
53	0	0	0
54	0	0	0
55	0	0	0
56	0	0	0
57	0	0	0
58	0	0	0
59	0	0	0
60	0	0	0
